numpoints: 26063
bucketcount: 5
bucketsize: 1
tsmin: 1325394060
tsmax: 1451624460
latmin: 40.7010774
latmax: 40.8770918
lngmin: -74.0179293
lngmax: -73.9116822
