numpoints: 1013
bucketcount: 2
bucketsize: 1
tsmin: 1409547660
tsmax: 1441083660
latmin: 40.701503
latmax: 40.872316
lngmin: -74.0179293
lngmax: -73.9127363
