numpoints: 413
bucketcount: 2
bucketsize: 1
tsmin: 1409547660
tsmax: 1441083660
latmin: 40.702926
latmax: 40.8240203857
lngmin: -74.0143814087
lngmax: -73.931433
