numpoints: 2848
bucketcount: 2
bucketsize: 1
tsmin: 1409547660
tsmax: 1441083660
latmin: 40.701488814
latmax: 40.872527068
lngmin: -74.017502381
lngmax: -73.912271042
