numpoints: 83178
bucketcount: 5
bucketsize: 1
tsmin: 1293858060
tsmax: 1420088460
latmin: 40.701488814
latmax: 40.873229026
lngmin: -74.018158928
lngmax: -73.91145543
