numpoints: 4520
bucketcount: 2
bucketsize: 1
tsmin: 1409547660
tsmax: 1441083660
latmin: 40.701488814
latmax: 40.872527068
lngmin: -74.017790213
lngmax: -73.916818994
