numpoints: 16798
bucketcount: 6
bucketsize: 1
tsmin: 1293858060
tsmax: 1451624460
latmin: 40.701309
latmax: 40.875778
lngmin: -74.018358
lngmax: -73.916342
